100 500
56 13 
61 61 
92 21 
67 48 
98 30 
96 1 
24 64 
37 93 
54 71 
76 88 
6 80 
16 11 
43 15 
83 57 
65 67 
27 20 
79 88 
80 70 
8 47 
17 5 
76 13 
6 100 
76 42 
93 30 
13 69 
17 19 
48 33 
29 90 
48 12 
47 12 
78 74 
31 56 
61 11 
25 69 
57 42 
73 32 
54 79 
32 29 
21 24 
58 34 
92 75 
52 39 
8 80 
29 55 
91 75 
66 69 
49 96 
24 10 
6 49 
78 62 
90 51 
94 43 
29 26 
72 50 
49 30 
83 41 
5 34 
79 12 
13 8 
66 4 
83 31 
73 31 
27 96 
40 33 
44 17 
95 34 
67 88 
77 96 
14 49 
45 62 
78 27 
2 83 
60 81 
94 73 
88 60 
77 70 
91 49 
1 17 
45 40 
50 89 
57 44 
22 23 
32 99 
19 45 
47 63 
7 25 
89 8 
7 49 
89 1 
21 77 
60 97 
47 51 
46 47 
68 90 
87 17 
79 43 
61 1 
66 92 
99 84 
37 45 
47 43 
70 36 
51 76 
84 39 
77 4 
16 36 
1 62 
86 47 
9 54 
36 95 
70 15 
38 30 
15 3 
22 13 
87 58 
58 33 
100 27 
68 50 
2 52 
89 78 
56 5 
14 56 
66 100 
2 75 
53 38 
69 23 
53 6 
52 67 
9 73 
79 95 
31 36 
28 30 
62 96 
80 64 
47 69 
42 2 
73 56 
58 39 
55 60 
13 9 
98 82 
30 50 
88 82 
16 96 
55 95 
91 85 
30 18 
15 92 
13 95 
56 60 
63 98 
61 36 
53 19 
74 8 
78 87 
15 75 
69 45 
25 56 
26 40 
51 80 
34 41 
65 64 
58 80 
56 71 
74 11 
31 35 
8 92 
72 61 
10 46 
68 87 
32 82 
62 100 
26 86 
55 52 
26 6 
32 60 
46 96 
23 4 
75 78 
75 48 
89 5 
84 97 
96 55 
57 6 
100 24 
93 32 
6 54 
32 32 
40 87 
83 66 
92 14 
25 37 
10 47 
41 85 
25 15 
32 14 
20 16 
10 15 
71 67 
21 71 
90 13 
2 96 
67 34 
27 6 
20 9 
71 11 
23 96 
48 32 
42 88 
16 67 
2 48 
80 22 
64 90 
37 34 
56 57 
5 46 
69 7 
42 35 
40 68 
41 59 
77 12 
69 99 
7 17 
31 49 
4 46 
16 6 
94 95 
27 58 
85 63 
91 41 
19 96 
87 88 
2 28 
22 41 
95 63 
100 72 
74 69 
70 80 
85 1 
29 88 
47 44 
94 40 
39 21 
97 23 
83 88 
63 2 
83 49 
89 85 
76 11 
26 71 
73 25 
42 46 
93 12 
26 77 
12 54 
65 58 
97 59 
98 35 
79 94 
58 62 
82 21 
63 65 
69 52 
50 45 
62 75 
16 35 
99 58 
80 91 
69 6 
68 80 
59 33 
38 56 
91 35 
91 70 
30 48 
31 11 
68 93 
76 37 
45 25 
82 6 
100 98 
40 98 
55 20 
89 23 
25 57 
3 84 
90 40 
39 81 
75 30 
50 4 
78 80 
15 46 
73 91 
82 17 
16 64 
22 15 
61 62 
13 15 
81 1 
38 6 
57 40 
89 47 
80 28 
27 55 
57 76 
58 35 
55 73 
80 29 
63 62 
44 79 
25 66 
93 86 
27 5 
100 8 
6 37 
14 63 
77 3 
9 56 
30 35 
10 87 
10 68 
22 65 
40 1 
92 3 
62 36 
81 86 
1 74 
72 28 
79 72 
36 84 
8 49 
46 85 
52 54 
40 81 
88 50 
68 98 
17 89 
63 57 
89 55 
60 51 
90 41 
37 90 
14 8 
18 92 
79 53 
75 87 
2 20 
71 53 
74 13 
34 62 
60 2 
60 76 
91 22 
33 80 
76 92 
30 65 
31 66 
55 45 
74 72 
36 52 
25 10 
39 26 
30 9 
79 4 
19 12 
65 78 
14 24 
54 4 
45 86 
83 21 
77 11 
85 8 
78 39 
53 51 
11 88 
3 35 
98 41 
61 28 
50 39 
31 69 
51 95 
47 64 
19 100 
67 63 
86 50 
83 63 
61 68 
71 39 
7 23 
89 18 
11 92 
52 8 
33 13 
36 82 
52 66 
50 2 
61 96 
66 79 
96 33 
41 82 
82 24 
45 43 
92 15 
81 98 
38 70 
15 48 
62 67 
56 94 
80 90 
75 31 
57 25 
33 17 
21 98 
95 16 
31 86 
98 12 
60 42 
55 51 
57 36 
49 94 
6 64 
42 67 
31 98 
60 10 
89 35 
41 45 
59 73 
62 79 
70 56 
95 1 
92 92 
12 51 
34 67 
2 91 
2 51 
85 80 
15 26 
74 46 
24 33 
55 12 
67 95 
57 26 
68 18 
4 37 
74 99 
37 66 
91 9 
16 24 
16 18 
14 18 
69 98 
25 84 
24 98 
29 48 
31 84 
60 98 
79 16 
23 46 
34 26 
83 8 
25 20 
73 15 
69 89 
38 84 
7 52 
12 75 
50 26 
58 74 
24 87 
21 54 
70 81 
51 48 
97 74 
94 31 
100 76 
38 24 
96 10 
38 64 
99 76 
48 5 
27 49 
80 77 
74 38 
51 97 
24 72 
51 93 
52 2 
41 48 
75 35 
77 74 
11 16 
97 6 
26 34 
69 24 
9 16 
29 36 
64 8 
13 38 
45 63 
35 68 
